3 0.53671875 0.03671875 0.0390625 0.03671875
1 0.55546875 0.12734375 0.0328125 0.03671875
0 0.5828125 0.203125 0.02890625 0.03671875
1 0.6 0.246875 0.028125 0.04140625
1 0.61953125 0.30078125 0.03203125 0.0421875
3 0.65625 0.40859375 0.05390625 0.040625
0 0.6859375 0.4890625 0.0375 0.0453125
0 0.7046875 0.5296875 0.03046875 0.04375
0 0.721875 0.56953125 0.03671875 0.05
1 0.29921875 0.3703125 0.03203125 0.0484375
1 0.415625 0.68984375 0.040625 0.05078125
1 0.44375 0.821875 0.0609375 0.05546875
0 0.7453125 0.64453125 0.03984375 0.04921875
0 0.76484375 0.70390625 0.0453125 0.0515625
3 0.81875 0.846875 0.06953125 0.1125