3 0.6708984375 0.0458984375 0.048828125 0.0458984375
1 0.6943359375 0.1591796875 0.041015625 0.0458984375
0 0.728515625 0.25390625 0.0361328125 0.0458984375
1 0.75 0.30859375 0.03515625 0.0517578125
1 0.7744140625 0.3759765625 0.0400390625 0.052734375
3 0.8203125 0.5107421875 0.0673828125 0.05078125
0 0.857421875 0.611328125 0.046875 0.056640625
0 0.880859375 0.662109375 0.0380859375 0.0546875
0 0.90234375 0.7119140625 0.0458984375 0.0625
1 0.3740234375 0.462890625 0.0400390625 0.060546875
1 0.51953125 0.8623046875 0.05078125 0.0634765625
1 0.5546875 1.02734375 0.076171875 0.0693359375
0 0.931640625 0.8056640625 0.0498046875 0.0615234375
0 0.9560546875 0.8798828125 0.056640625 0.064453125
3 1.0234375 1.05859375 0.0869140625 0.140625
